2907
2912
2913
2915
2919
2920
2924
2925
2926
2930
2931
2938
2939
3003
3019
3021
3024
3029
3031
3033
3037
3039
3043
3046
3047
3055
3057
3103
3105
3106
3117
3119
3120
3124
3126
3129
3130
3134
3135
3137
3138
3140
3142
3145
3146
3154
3156
3160
3161
3166
3203
3204
3205
3206
3212
3217
3222
3224
3225
3230
3235
3236
3238
3240
3250
3260
3263
3301
3302
3303
3304
3309
3310
3312
3315
3316
3324
3326
3328
3330
3401
3403
3409
3412
3414
3415
3416
3418
3501
3502
3506
3507
3527
3532
3533
3534
3542
3543
3547
3548
3552
3554
3556
3563
3565
3566
3570
3606
3618
3619
3622
3625
3627
3628
3634
3636
3640
3643
3647
3704
3706
3708
3710
3714
3717
3721
3724
3725
3728
3738
3745
3748
3756
3803
3903
3906
3914
3916
3918
3927
3930
3931
3933
3934
3940
3942
3943
3945
3948
3959
3961
3963
3964
4014
4016
4017
4019
4027
4031
4032
4033
4035
4038
4039
4043
4045
4046
4053
4054
4056
4061
4069
4201
4205
4209
4212
4214
4216
4217
4219
4223
4224
4225
4232
4236
4237
4302
4502
4504
4510
4511
4515
4516
4519
4525
4526
4528
4530
99222
18724300